00101861
00101862
00101863
00101864
00101887
00101888
00101889
00101890
00101891
00101892
00101893
00102131
00102133
00102134
00102132
00102144
00100396
00100422
00100430
00100431
00100424
00100448
00100449
00100450
00100451
00100480
00100494
00100521
00100586
00100592
00100603
00100609
00100676
00100677
00100678
00100679
00100680
00100681
00100737
00100738
00100739
00100740
00100743
00101155
00101297
00101298
00101344
00101345
00101346
00101347
00101348
00101349
00101350
00101363
00101364
00101392
00101393
00101394
00101395
00101396
00101397
00101398
00101442
00101443
00101444
00101445
00101446
00101447
00101448
00100431
00100443
00100451
00100494
00100604
00101073
00101296
00101362
